{
 "cells": [
  {
   "cell_type": "code",
   "execution_count": 1,
   "metadata": {},
   "outputs": [],
   "source": [
    "# import all liberies\n",
    "import pandas as pd\n",
    "from sklearn.model_selection import train_test_split\n",
    "from sklearn.tree import DecisionTreeClassifier\n",
    "from sklearn.metrics import accuracy_score,confusion_matrix,classification_report"
   ]
  },
  {
   "cell_type": "code",
   "execution_count": 2,
   "metadata": {},
   "outputs": [],
   "source": [
    "df=pd.read_csv('UniversalBank.csv')"
   ]
  },
  {
   "cell_type": "code",
   "execution_count": 3,
   "metadata": {},
   "outputs": [
    {
     "data": {
      "text/html": [
       "<div>\n",
       "<style scoped>\n",
       "    .dataframe tbody tr th:only-of-type {\n",
       "        vertical-align: middle;\n",
       "    }\n",
       "\n",
       "    .dataframe tbody tr th {\n",
       "        vertical-align: top;\n",
       "    }\n",
       "\n",
       "    .dataframe thead th {\n",
       "        text-align: right;\n",
       "    }\n",
       "</style>\n",
       "<table border=\"1\" class=\"dataframe\">\n",
       "  <thead>\n",
       "    <tr style=\"text-align: right;\">\n",
       "      <th></th>\n",
       "      <th>ID</th>\n",
       "      <th>Age</th>\n",
       "      <th>Experience</th>\n",
       "      <th>Income</th>\n",
       "      <th>ZIP Code</th>\n",
       "      <th>Family</th>\n",
       "      <th>CCAvg</th>\n",
       "      <th>Education</th>\n",
       "      <th>Mortgage</th>\n",
       "      <th>Personal Loan</th>\n",
       "      <th>Securities Account</th>\n",
       "      <th>CD Account</th>\n",
       "      <th>Online</th>\n",
       "      <th>CreditCard</th>\n",
       "    </tr>\n",
       "  </thead>\n",
       "  <tbody>\n",
       "    <tr>\n",
       "      <th>0</th>\n",
       "      <td>1</td>\n",
       "      <td>25</td>\n",
       "      <td>1</td>\n",
       "      <td>49</td>\n",
       "      <td>91107</td>\n",
       "      <td>4</td>\n",
       "      <td>1.6</td>\n",
       "      <td>1</td>\n",
       "      <td>0</td>\n",
       "      <td>0</td>\n",
       "      <td>1</td>\n",
       "      <td>0</td>\n",
       "      <td>0</td>\n",
       "      <td>0</td>\n",
       "    </tr>\n",
       "    <tr>\n",
       "      <th>1</th>\n",
       "      <td>2</td>\n",
       "      <td>45</td>\n",
       "      <td>19</td>\n",
       "      <td>34</td>\n",
       "      <td>90089</td>\n",
       "      <td>3</td>\n",
       "      <td>1.5</td>\n",
       "      <td>1</td>\n",
       "      <td>0</td>\n",
       "      <td>0</td>\n",
       "      <td>1</td>\n",
       "      <td>0</td>\n",
       "      <td>0</td>\n",
       "      <td>0</td>\n",
       "    </tr>\n",
       "    <tr>\n",
       "      <th>2</th>\n",
       "      <td>3</td>\n",
       "      <td>39</td>\n",
       "      <td>15</td>\n",
       "      <td>11</td>\n",
       "      <td>94720</td>\n",
       "      <td>1</td>\n",
       "      <td>1.0</td>\n",
       "      <td>1</td>\n",
       "      <td>0</td>\n",
       "      <td>0</td>\n",
       "      <td>0</td>\n",
       "      <td>0</td>\n",
       "      <td>0</td>\n",
       "      <td>0</td>\n",
       "    </tr>\n",
       "    <tr>\n",
       "      <th>3</th>\n",
       "      <td>4</td>\n",
       "      <td>35</td>\n",
       "      <td>9</td>\n",
       "      <td>100</td>\n",
       "      <td>94112</td>\n",
       "      <td>1</td>\n",
       "      <td>2.7</td>\n",
       "      <td>2</td>\n",
       "      <td>0</td>\n",
       "      <td>0</td>\n",
       "      <td>0</td>\n",
       "      <td>0</td>\n",
       "      <td>0</td>\n",
       "      <td>0</td>\n",
       "    </tr>\n",
       "    <tr>\n",
       "      <th>4</th>\n",
       "      <td>5</td>\n",
       "      <td>35</td>\n",
       "      <td>8</td>\n",
       "      <td>45</td>\n",
       "      <td>91330</td>\n",
       "      <td>4</td>\n",
       "      <td>1.0</td>\n",
       "      <td>2</td>\n",
       "      <td>0</td>\n",
       "      <td>0</td>\n",
       "      <td>0</td>\n",
       "      <td>0</td>\n",
       "      <td>0</td>\n",
       "      <td>1</td>\n",
       "    </tr>\n",
       "  </tbody>\n",
       "</table>\n",
       "</div>"
      ],
      "text/plain": [
       "   ID  Age  Experience  Income  ZIP Code  Family  CCAvg  Education  Mortgage  \\\n",
       "0   1   25           1      49     91107       4    1.6          1         0   \n",
       "1   2   45          19      34     90089       3    1.5          1         0   \n",
       "2   3   39          15      11     94720       1    1.0          1         0   \n",
       "3   4   35           9     100     94112       1    2.7          2         0   \n",
       "4   5   35           8      45     91330       4    1.0          2         0   \n",
       "\n",
       "   Personal Loan  Securities Account  CD Account  Online  CreditCard  \n",
       "0              0                   1           0       0           0  \n",
       "1              0                   1           0       0           0  \n",
       "2              0                   0           0       0           0  \n",
       "3              0                   0           0       0           0  \n",
       "4              0                   0           0       0           1  "
      ]
     },
     "execution_count": 3,
     "metadata": {},
     "output_type": "execute_result"
    }
   ],
   "source": [
    "# check first 5 row\n",
    "df.head()"
   ]
  },
  {
   "cell_type": "code",
   "execution_count": 4,
   "metadata": {},
   "outputs": [
    {
     "data": {
      "text/html": [
       "<div>\n",
       "<style scoped>\n",
       "    .dataframe tbody tr th:only-of-type {\n",
       "        vertical-align: middle;\n",
       "    }\n",
       "\n",
       "    .dataframe tbody tr th {\n",
       "        vertical-align: top;\n",
       "    }\n",
       "\n",
       "    .dataframe thead th {\n",
       "        text-align: right;\n",
       "    }\n",
       "</style>\n",
       "<table border=\"1\" class=\"dataframe\">\n",
       "  <thead>\n",
       "    <tr style=\"text-align: right;\">\n",
       "      <th></th>\n",
       "      <th>ID</th>\n",
       "      <th>Age</th>\n",
       "      <th>Experience</th>\n",
       "      <th>Income</th>\n",
       "      <th>ZIP Code</th>\n",
       "      <th>Family</th>\n",
       "      <th>CCAvg</th>\n",
       "      <th>Education</th>\n",
       "      <th>Mortgage</th>\n",
       "      <th>Personal Loan</th>\n",
       "      <th>Securities Account</th>\n",
       "      <th>CD Account</th>\n",
       "      <th>Online</th>\n",
       "      <th>CreditCard</th>\n",
       "    </tr>\n",
       "  </thead>\n",
       "  <tbody>\n",
       "    <tr>\n",
       "      <th>ID</th>\n",
       "      <td>1.000000</td>\n",
       "      <td>-0.008473</td>\n",
       "      <td>-0.008326</td>\n",
       "      <td>-0.017695</td>\n",
       "      <td>0.013432</td>\n",
       "      <td>-0.016797</td>\n",
       "      <td>-0.024675</td>\n",
       "      <td>0.021463</td>\n",
       "      <td>-0.013920</td>\n",
       "      <td>-0.024801</td>\n",
       "      <td>-0.016972</td>\n",
       "      <td>-0.006909</td>\n",
       "      <td>-0.002528</td>\n",
       "      <td>0.017028</td>\n",
       "    </tr>\n",
       "    <tr>\n",
       "      <th>Age</th>\n",
       "      <td>-0.008473</td>\n",
       "      <td>1.000000</td>\n",
       "      <td>0.994215</td>\n",
       "      <td>-0.055269</td>\n",
       "      <td>-0.029216</td>\n",
       "      <td>-0.046418</td>\n",
       "      <td>-0.052012</td>\n",
       "      <td>0.041334</td>\n",
       "      <td>-0.012539</td>\n",
       "      <td>-0.007726</td>\n",
       "      <td>-0.000436</td>\n",
       "      <td>0.008043</td>\n",
       "      <td>0.013702</td>\n",
       "      <td>0.007681</td>\n",
       "    </tr>\n",
       "    <tr>\n",
       "      <th>Experience</th>\n",
       "      <td>-0.008326</td>\n",
       "      <td>0.994215</td>\n",
       "      <td>1.000000</td>\n",
       "      <td>-0.046574</td>\n",
       "      <td>-0.028626</td>\n",
       "      <td>-0.052563</td>\n",
       "      <td>-0.050077</td>\n",
       "      <td>0.013152</td>\n",
       "      <td>-0.010582</td>\n",
       "      <td>-0.007413</td>\n",
       "      <td>-0.001232</td>\n",
       "      <td>0.010353</td>\n",
       "      <td>0.013898</td>\n",
       "      <td>0.008967</td>\n",
       "    </tr>\n",
       "    <tr>\n",
       "      <th>Income</th>\n",
       "      <td>-0.017695</td>\n",
       "      <td>-0.055269</td>\n",
       "      <td>-0.046574</td>\n",
       "      <td>1.000000</td>\n",
       "      <td>-0.016410</td>\n",
       "      <td>-0.157501</td>\n",
       "      <td>0.645984</td>\n",
       "      <td>-0.187524</td>\n",
       "      <td>0.206806</td>\n",
       "      <td>0.502462</td>\n",
       "      <td>-0.002616</td>\n",
       "      <td>0.169738</td>\n",
       "      <td>0.014206</td>\n",
       "      <td>-0.002385</td>\n",
       "    </tr>\n",
       "    <tr>\n",
       "      <th>ZIP Code</th>\n",
       "      <td>0.013432</td>\n",
       "      <td>-0.029216</td>\n",
       "      <td>-0.028626</td>\n",
       "      <td>-0.016410</td>\n",
       "      <td>1.000000</td>\n",
       "      <td>0.011778</td>\n",
       "      <td>-0.004061</td>\n",
       "      <td>-0.017377</td>\n",
       "      <td>0.007383</td>\n",
       "      <td>0.000107</td>\n",
       "      <td>0.004704</td>\n",
       "      <td>0.019972</td>\n",
       "      <td>0.016990</td>\n",
       "      <td>0.007691</td>\n",
       "    </tr>\n",
       "    <tr>\n",
       "      <th>Family</th>\n",
       "      <td>-0.016797</td>\n",
       "      <td>-0.046418</td>\n",
       "      <td>-0.052563</td>\n",
       "      <td>-0.157501</td>\n",
       "      <td>0.011778</td>\n",
       "      <td>1.000000</td>\n",
       "      <td>-0.109275</td>\n",
       "      <td>0.064929</td>\n",
       "      <td>-0.020445</td>\n",
       "      <td>0.061367</td>\n",
       "      <td>0.019994</td>\n",
       "      <td>0.014110</td>\n",
       "      <td>0.010354</td>\n",
       "      <td>0.011588</td>\n",
       "    </tr>\n",
       "    <tr>\n",
       "      <th>CCAvg</th>\n",
       "      <td>-0.024675</td>\n",
       "      <td>-0.052012</td>\n",
       "      <td>-0.050077</td>\n",
       "      <td>0.645984</td>\n",
       "      <td>-0.004061</td>\n",
       "      <td>-0.109275</td>\n",
       "      <td>1.000000</td>\n",
       "      <td>-0.136124</td>\n",
       "      <td>0.109905</td>\n",
       "      <td>0.366889</td>\n",
       "      <td>0.015086</td>\n",
       "      <td>0.136534</td>\n",
       "      <td>-0.003611</td>\n",
       "      <td>-0.006689</td>\n",
       "    </tr>\n",
       "    <tr>\n",
       "      <th>Education</th>\n",
       "      <td>0.021463</td>\n",
       "      <td>0.041334</td>\n",
       "      <td>0.013152</td>\n",
       "      <td>-0.187524</td>\n",
       "      <td>-0.017377</td>\n",
       "      <td>0.064929</td>\n",
       "      <td>-0.136124</td>\n",
       "      <td>1.000000</td>\n",
       "      <td>-0.033327</td>\n",
       "      <td>0.136722</td>\n",
       "      <td>-0.010812</td>\n",
       "      <td>0.013934</td>\n",
       "      <td>-0.015004</td>\n",
       "      <td>-0.011014</td>\n",
       "    </tr>\n",
       "    <tr>\n",
       "      <th>Mortgage</th>\n",
       "      <td>-0.013920</td>\n",
       "      <td>-0.012539</td>\n",
       "      <td>-0.010582</td>\n",
       "      <td>0.206806</td>\n",
       "      <td>0.007383</td>\n",
       "      <td>-0.020445</td>\n",
       "      <td>0.109905</td>\n",
       "      <td>-0.033327</td>\n",
       "      <td>1.000000</td>\n",
       "      <td>0.142095</td>\n",
       "      <td>-0.005411</td>\n",
       "      <td>0.089311</td>\n",
       "      <td>-0.005995</td>\n",
       "      <td>-0.007231</td>\n",
       "    </tr>\n",
       "    <tr>\n",
       "      <th>Personal Loan</th>\n",
       "      <td>-0.024801</td>\n",
       "      <td>-0.007726</td>\n",
       "      <td>-0.007413</td>\n",
       "      <td>0.502462</td>\n",
       "      <td>0.000107</td>\n",
       "      <td>0.061367</td>\n",
       "      <td>0.366889</td>\n",
       "      <td>0.136722</td>\n",
       "      <td>0.142095</td>\n",
       "      <td>1.000000</td>\n",
       "      <td>0.021954</td>\n",
       "      <td>0.316355</td>\n",
       "      <td>0.006278</td>\n",
       "      <td>0.002802</td>\n",
       "    </tr>\n",
       "    <tr>\n",
       "      <th>Securities Account</th>\n",
       "      <td>-0.016972</td>\n",
       "      <td>-0.000436</td>\n",
       "      <td>-0.001232</td>\n",
       "      <td>-0.002616</td>\n",
       "      <td>0.004704</td>\n",
       "      <td>0.019994</td>\n",
       "      <td>0.015086</td>\n",
       "      <td>-0.010812</td>\n",
       "      <td>-0.005411</td>\n",
       "      <td>0.021954</td>\n",
       "      <td>1.000000</td>\n",
       "      <td>0.317034</td>\n",
       "      <td>0.012627</td>\n",
       "      <td>-0.015028</td>\n",
       "    </tr>\n",
       "    <tr>\n",
       "      <th>CD Account</th>\n",
       "      <td>-0.006909</td>\n",
       "      <td>0.008043</td>\n",
       "      <td>0.010353</td>\n",
       "      <td>0.169738</td>\n",
       "      <td>0.019972</td>\n",
       "      <td>0.014110</td>\n",
       "      <td>0.136534</td>\n",
       "      <td>0.013934</td>\n",
       "      <td>0.089311</td>\n",
       "      <td>0.316355</td>\n",
       "      <td>0.317034</td>\n",
       "      <td>1.000000</td>\n",
       "      <td>0.175880</td>\n",
       "      <td>0.278644</td>\n",
       "    </tr>\n",
       "    <tr>\n",
       "      <th>Online</th>\n",
       "      <td>-0.002528</td>\n",
       "      <td>0.013702</td>\n",
       "      <td>0.013898</td>\n",
       "      <td>0.014206</td>\n",
       "      <td>0.016990</td>\n",
       "      <td>0.010354</td>\n",
       "      <td>-0.003611</td>\n",
       "      <td>-0.015004</td>\n",
       "      <td>-0.005995</td>\n",
       "      <td>0.006278</td>\n",
       "      <td>0.012627</td>\n",
       "      <td>0.175880</td>\n",
       "      <td>1.000000</td>\n",
       "      <td>0.004210</td>\n",
       "    </tr>\n",
       "    <tr>\n",
       "      <th>CreditCard</th>\n",
       "      <td>0.017028</td>\n",
       "      <td>0.007681</td>\n",
       "      <td>0.008967</td>\n",
       "      <td>-0.002385</td>\n",
       "      <td>0.007691</td>\n",
       "      <td>0.011588</td>\n",
       "      <td>-0.006689</td>\n",
       "      <td>-0.011014</td>\n",
       "      <td>-0.007231</td>\n",
       "      <td>0.002802</td>\n",
       "      <td>-0.015028</td>\n",
       "      <td>0.278644</td>\n",
       "      <td>0.004210</td>\n",
       "      <td>1.000000</td>\n",
       "    </tr>\n",
       "  </tbody>\n",
       "</table>\n",
       "</div>"
      ],
      "text/plain": [
       "                          ID       Age  Experience    Income  ZIP Code  \\\n",
       "ID                  1.000000 -0.008473   -0.008326 -0.017695  0.013432   \n",
       "Age                -0.008473  1.000000    0.994215 -0.055269 -0.029216   \n",
       "Experience         -0.008326  0.994215    1.000000 -0.046574 -0.028626   \n",
       "Income             -0.017695 -0.055269   -0.046574  1.000000 -0.016410   \n",
       "ZIP Code            0.013432 -0.029216   -0.028626 -0.016410  1.000000   \n",
       "Family             -0.016797 -0.046418   -0.052563 -0.157501  0.011778   \n",
       "CCAvg              -0.024675 -0.052012   -0.050077  0.645984 -0.004061   \n",
       "Education           0.021463  0.041334    0.013152 -0.187524 -0.017377   \n",
       "Mortgage           -0.013920 -0.012539   -0.010582  0.206806  0.007383   \n",
       "Personal Loan      -0.024801 -0.007726   -0.007413  0.502462  0.000107   \n",
       "Securities Account -0.016972 -0.000436   -0.001232 -0.002616  0.004704   \n",
       "CD Account         -0.006909  0.008043    0.010353  0.169738  0.019972   \n",
       "Online             -0.002528  0.013702    0.013898  0.014206  0.016990   \n",
       "CreditCard          0.017028  0.007681    0.008967 -0.002385  0.007691   \n",
       "\n",
       "                      Family     CCAvg  Education  Mortgage  Personal Loan  \\\n",
       "ID                 -0.016797 -0.024675   0.021463 -0.013920      -0.024801   \n",
       "Age                -0.046418 -0.052012   0.041334 -0.012539      -0.007726   \n",
       "Experience         -0.052563 -0.050077   0.013152 -0.010582      -0.007413   \n",
       "Income             -0.157501  0.645984  -0.187524  0.206806       0.502462   \n",
       "ZIP Code            0.011778 -0.004061  -0.017377  0.007383       0.000107   \n",
       "Family              1.000000 -0.109275   0.064929 -0.020445       0.061367   \n",
       "CCAvg              -0.109275  1.000000  -0.136124  0.109905       0.366889   \n",
       "Education           0.064929 -0.136124   1.000000 -0.033327       0.136722   \n",
       "Mortgage           -0.020445  0.109905  -0.033327  1.000000       0.142095   \n",
       "Personal Loan       0.061367  0.366889   0.136722  0.142095       1.000000   \n",
       "Securities Account  0.019994  0.015086  -0.010812 -0.005411       0.021954   \n",
       "CD Account          0.014110  0.136534   0.013934  0.089311       0.316355   \n",
       "Online              0.010354 -0.003611  -0.015004 -0.005995       0.006278   \n",
       "CreditCard          0.011588 -0.006689  -0.011014 -0.007231       0.002802   \n",
       "\n",
       "                    Securities Account  CD Account    Online  CreditCard  \n",
       "ID                           -0.016972   -0.006909 -0.002528    0.017028  \n",
       "Age                          -0.000436    0.008043  0.013702    0.007681  \n",
       "Experience                   -0.001232    0.010353  0.013898    0.008967  \n",
       "Income                       -0.002616    0.169738  0.014206   -0.002385  \n",
       "ZIP Code                      0.004704    0.019972  0.016990    0.007691  \n",
       "Family                        0.019994    0.014110  0.010354    0.011588  \n",
       "CCAvg                         0.015086    0.136534 -0.003611   -0.006689  \n",
       "Education                    -0.010812    0.013934 -0.015004   -0.011014  \n",
       "Mortgage                     -0.005411    0.089311 -0.005995   -0.007231  \n",
       "Personal Loan                 0.021954    0.316355  0.006278    0.002802  \n",
       "Securities Account            1.000000    0.317034  0.012627   -0.015028  \n",
       "CD Account                    0.317034    1.000000  0.175880    0.278644  \n",
       "Online                        0.012627    0.175880  1.000000    0.004210  \n",
       "CreditCard                   -0.015028    0.278644  0.004210    1.000000  "
      ]
     },
     "execution_count": 4,
     "metadata": {},
     "output_type": "execute_result"
    }
   ],
   "source": [
    "# dataframe co_relation for -1 to 1 values \n",
    "#-1 is a low co_relation and +1 or 1 is a high co_related\n",
    "df.corr()"
   ]
  },
  {
   "cell_type": "code",
   "execution_count": 5,
   "metadata": {},
   "outputs": [],
   "source": [
    "# bases of co_relation we drop some columns that not needed\n",
    "df.drop(['ID','Age','ZIP Code','Experience','Family','Mortgage'],axis=1,inplace=True)"
   ]
  },
  {
   "cell_type": "code",
   "execution_count": 6,
   "metadata": {},
   "outputs": [
    {
     "data": {
      "text/html": [
       "<div>\n",
       "<style scoped>\n",
       "    .dataframe tbody tr th:only-of-type {\n",
       "        vertical-align: middle;\n",
       "    }\n",
       "\n",
       "    .dataframe tbody tr th {\n",
       "        vertical-align: top;\n",
       "    }\n",
       "\n",
       "    .dataframe thead th {\n",
       "        text-align: right;\n",
       "    }\n",
       "</style>\n",
       "<table border=\"1\" class=\"dataframe\">\n",
       "  <thead>\n",
       "    <tr style=\"text-align: right;\">\n",
       "      <th></th>\n",
       "      <th>Income</th>\n",
       "      <th>CCAvg</th>\n",
       "      <th>Education</th>\n",
       "      <th>Personal Loan</th>\n",
       "      <th>Securities Account</th>\n",
       "      <th>CD Account</th>\n",
       "      <th>Online</th>\n",
       "      <th>CreditCard</th>\n",
       "    </tr>\n",
       "  </thead>\n",
       "  <tbody>\n",
       "    <tr>\n",
       "      <th>0</th>\n",
       "      <td>49</td>\n",
       "      <td>1.6</td>\n",
       "      <td>1</td>\n",
       "      <td>0</td>\n",
       "      <td>1</td>\n",
       "      <td>0</td>\n",
       "      <td>0</td>\n",
       "      <td>0</td>\n",
       "    </tr>\n",
       "    <tr>\n",
       "      <th>1</th>\n",
       "      <td>34</td>\n",
       "      <td>1.5</td>\n",
       "      <td>1</td>\n",
       "      <td>0</td>\n",
       "      <td>1</td>\n",
       "      <td>0</td>\n",
       "      <td>0</td>\n",
       "      <td>0</td>\n",
       "    </tr>\n",
       "    <tr>\n",
       "      <th>2</th>\n",
       "      <td>11</td>\n",
       "      <td>1.0</td>\n",
       "      <td>1</td>\n",
       "      <td>0</td>\n",
       "      <td>0</td>\n",
       "      <td>0</td>\n",
       "      <td>0</td>\n",
       "      <td>0</td>\n",
       "    </tr>\n",
       "    <tr>\n",
       "      <th>3</th>\n",
       "      <td>100</td>\n",
       "      <td>2.7</td>\n",
       "      <td>2</td>\n",
       "      <td>0</td>\n",
       "      <td>0</td>\n",
       "      <td>0</td>\n",
       "      <td>0</td>\n",
       "      <td>0</td>\n",
       "    </tr>\n",
       "    <tr>\n",
       "      <th>4</th>\n",
       "      <td>45</td>\n",
       "      <td>1.0</td>\n",
       "      <td>2</td>\n",
       "      <td>0</td>\n",
       "      <td>0</td>\n",
       "      <td>0</td>\n",
       "      <td>0</td>\n",
       "      <td>1</td>\n",
       "    </tr>\n",
       "  </tbody>\n",
       "</table>\n",
       "</div>"
      ],
      "text/plain": [
       "   Income  CCAvg  Education  Personal Loan  Securities Account  CD Account  \\\n",
       "0      49    1.6          1              0                   1           0   \n",
       "1      34    1.5          1              0                   1           0   \n",
       "2      11    1.0          1              0                   0           0   \n",
       "3     100    2.7          2              0                   0           0   \n",
       "4      45    1.0          2              0                   0           0   \n",
       "\n",
       "   Online  CreditCard  \n",
       "0       0           0  \n",
       "1       0           0  \n",
       "2       0           0  \n",
       "3       0           0  \n",
       "4       0           1  "
      ]
     },
     "execution_count": 6,
     "metadata": {},
     "output_type": "execute_result"
    }
   ],
   "source": [
    "df.head()"
   ]
  },
  {
   "cell_type": "code",
   "execution_count": 7,
   "metadata": {},
   "outputs": [
    {
     "data": {
      "text/plain": [
       "array([0, 1], dtype=int64)"
      ]
     },
     "execution_count": 7,
     "metadata": {},
     "output_type": "execute_result"
    }
   ],
   "source": [
    "df['CreditCard'].unique()"
   ]
  },
  {
   "cell_type": "code",
   "execution_count": 8,
   "metadata": {},
   "outputs": [
    {
     "name": "stdout",
     "output_type": "stream",
     "text": [
      "<class 'pandas.core.frame.DataFrame'>\n",
      "RangeIndex: 5000 entries, 0 to 4999\n",
      "Data columns (total 8 columns):\n",
      " #   Column              Non-Null Count  Dtype  \n",
      "---  ------              --------------  -----  \n",
      " 0   Income              5000 non-null   int64  \n",
      " 1   CCAvg               5000 non-null   float64\n",
      " 2   Education           5000 non-null   int64  \n",
      " 3   Personal Loan       5000 non-null   int64  \n",
      " 4   Securities Account  5000 non-null   int64  \n",
      " 5   CD Account          5000 non-null   int64  \n",
      " 6   Online              5000 non-null   int64  \n",
      " 7   CreditCard          5000 non-null   int64  \n",
      "dtypes: float64(1), int64(7)\n",
      "memory usage: 312.6 KB\n"
     ]
    }
   ],
   "source": [
    "df.info()"
   ]
  },
  {
   "cell_type": "code",
   "execution_count": 9,
   "metadata": {},
   "outputs": [],
   "source": [
    "x=df.iloc[:,:-1]\n",
    "y=df.iloc[:,-1]"
   ]
  },
  {
   "cell_type": "code",
   "execution_count": 43,
   "metadata": {},
   "outputs": [],
   "source": [
    "# split the data from train and test format\n",
    "x_train,x_test,y_train,y_test=train_test_split(x,y,test_size=0.25,random_state=100)"
   ]
  },
  {
   "cell_type": "markdown",
   "metadata": {},
   "source": [
    "# create model for prediction"
   ]
  },
  {
   "cell_type": "code",
   "execution_count": 44,
   "metadata": {},
   "outputs": [
    {
     "data": {
      "text/plain": [
       "DecisionTreeClassifier()"
      ]
     },
     "execution_count": 44,
     "metadata": {},
     "output_type": "execute_result"
    }
   ],
   "source": [
    "d=DecisionTreeClassifier()\n",
    "d.fit(x_train,y_train)"
   ]
  },
  {
   "cell_type": "code",
   "execution_count": 45,
   "metadata": {},
   "outputs": [],
   "source": [
    "p=d.predict(x_test)"
   ]
  },
  {
   "cell_type": "code",
   "execution_count": 47,
   "metadata": {},
   "outputs": [
    {
     "name": "stdout",
     "output_type": "stream",
     "text": [
      "[[685 214]\n",
      " [225 126]]\n"
     ]
    }
   ],
   "source": [
    "# create confusion matrix for analyse the prediction matrix\n",
    "print(confusion_matrix(y_test,p))"
   ]
  },
  {
   "cell_type": "code",
   "execution_count": 48,
   "metadata": {},
   "outputs": [
    {
     "name": "stdout",
     "output_type": "stream",
     "text": [
      "              precision    recall  f1-score   support\n",
      "\n",
      "           0       0.75      0.76      0.76       899\n",
      "           1       0.37      0.36      0.36       351\n",
      "\n",
      "    accuracy                           0.65      1250\n",
      "   macro avg       0.56      0.56      0.56      1250\n",
      "weighted avg       0.65      0.65      0.65      1250\n",
      "\n"
     ]
    }
   ],
   "source": [
    "# create classification report for check accuracy\n",
    "print(classification_report(y_test,p))"
   ]
  },
  {
   "cell_type": "code",
   "execution_count": 49,
   "metadata": {},
   "outputs": [
    {
     "data": {
      "text/plain": [
       "0.6488"
      ]
     },
     "execution_count": 49,
     "metadata": {},
     "output_type": "execute_result"
    }
   ],
   "source": [
    "#check accuracy or output for the model\n",
    "accuracy_score(y_test,p)"
   ]
  },
  {
   "cell_type": "markdown",
   "metadata": {},
   "source": [
    "# create another model for batter accuracy "
   ]
  },
  {
   "cell_type": "code",
   "execution_count": 50,
   "metadata": {},
   "outputs": [],
   "source": [
    "from sklearn.linear_model import LogisticRegression"
   ]
  },
  {
   "cell_type": "code",
   "execution_count": 51,
   "metadata": {},
   "outputs": [
    {
     "data": {
      "text/plain": [
       "LogisticRegression()"
      ]
     },
     "execution_count": 51,
     "metadata": {},
     "output_type": "execute_result"
    }
   ],
   "source": [
    "l=LogisticRegression()\n",
    "l.fit(x_train,y_train)"
   ]
  },
  {
   "cell_type": "code",
   "execution_count": 52,
   "metadata": {},
   "outputs": [],
   "source": [
    "ps=l.predict(x_test)"
   ]
  },
  {
   "cell_type": "code",
   "execution_count": 53,
   "metadata": {},
   "outputs": [
    {
     "name": "stdout",
     "output_type": "stream",
     "text": [
      "[[887  12]\n",
      " [282  69]]\n"
     ]
    }
   ],
   "source": [
    "# create confusion matrix\n",
    "print(confusion_matrix(y_test,ps))"
   ]
  },
  {
   "cell_type": "code",
   "execution_count": 54,
   "metadata": {},
   "outputs": [
    {
     "name": "stdout",
     "output_type": "stream",
     "text": [
      "              precision    recall  f1-score   support\n",
      "\n",
      "           0       0.76      0.99      0.86       899\n",
      "           1       0.85      0.20      0.32       351\n",
      "\n",
      "    accuracy                           0.76      1250\n",
      "   macro avg       0.81      0.59      0.59      1250\n",
      "weighted avg       0.78      0.76      0.71      1250\n",
      "\n"
     ]
    }
   ],
   "source": [
    "# create classification report for analyse the output \n",
    "print(classification_report(y_test,ps))"
   ]
  },
  {
   "cell_type": "code",
   "execution_count": 55,
   "metadata": {},
   "outputs": [
    {
     "data": {
      "text/plain": [
       "0.7648"
      ]
     },
     "execution_count": 55,
     "metadata": {},
     "output_type": "execute_result"
    }
   ],
   "source": [
    "# output for model\n",
    "accuracy_score(y_test,ps)"
   ]
  },
  {
   "cell_type": "code",
   "execution_count": null,
   "metadata": {},
   "outputs": [],
   "source": []
  }
 ],
 "metadata": {
  "kernelspec": {
   "display_name": "Python 3",
   "language": "python",
   "name": "python3"
  },
  "language_info": {
   "codemirror_mode": {
    "name": "ipython",
    "version": 3
   },
   "file_extension": ".py",
   "mimetype": "text/x-python",
   "name": "python",
   "nbconvert_exporter": "python",
   "pygments_lexer": "ipython3",
   "version": "3.8.5"
  }
 },
 "nbformat": 4,
 "nbformat_minor": 4
}
